-2.478016376739252541e-02,1.205426952955822584e-01,3.382675273480379441e-01
4.137769550575638722e-02,-6.212758133410741955e-04,-4.598679355455088935e-02
-1.200635986249561429e-02,2.207534992407643795e-02,-2.366001183006042619e-01
3.875584538436417648e-02,-5.077343834275444001e-02,-3.352351010331987569e-01
2.527479095448409985e-01,-4.066817641479668066e-01,1.264236068500392274e-01
-2.514772511982245051e-01,-2.579878041042686365e-01,-8.811820966356605223e-02
5.139118881949959056e-03,-5.280497064907315082e-03,-2.845412555810641290e-03
4.511172447177323047e-02,-7.949172572092268532e-03,-1.090348463897690273e-01
-2.346980843446441756e-01,-1.836317412769843394e-01,1.007640096381959283e-01
-4.993089494876278706e-02,6.331893796365940796e-02,2.353093489619842438e-01
-6.432621920050325681e-02,1.345894185565506274e-01,-3.113513398201259857e-02
3.485444588686430895e-02,3.015675762084882999e-02,-1.030416876822334502e-02
1.003331280419269556e-01,-3.875688903199552837e-01,-9.893821365553986946e-02
2.269365410137128350e-02,6.501022559332500506e-02,1.838941627166355494e-02
3.376505660600800235e-02,-2.641494515704143325e-03,-7.183016030860192580e-02
1.204556340620080435e-02,-1.179760068037897028e-02,4.376281523037280352e-01
4.565330623763517309e-02,4.956319221977859707e-02,6.140951795762114584e-02
-3.146712817881587576e-02,2.935923395850388237e-02,-1.311224524014060200e-01
-1.443789352987275183e-02,-1.066554346650307600e-01,3.792466403444254563e-01
-1.330369227702047075e-01,1.967411806252644391e-01,2.436980803574989307e-01
1.559730830707968356e-02,-6.117906107689574657e-02,-1.510040345968320097e-01
1.535108180283854262e-01,-2.733036659529583870e-02,-3.404710851719848497e-02
-9.343084208262959767e-02,2.183681806139799730e-01,-2.554914608606773455e-02
5.347023499229358601e-04,9.794194264483985484e-04,-6.403005530336415563e-02
-1.702094450956176674e-01,8.421171052417231878e-03,1.048290038097977050e-01
6.312195505164595530e-03,3.834634320631379479e-03,-3.781252705356428767e-01
-2.038515564671559421e-01,-4.067630810086611537e-01,-1.920097924124454514e-01
2.935481911890384099e-01,1.111148301497907886e-01,7.626982195932048396e-03
-1.586966561290756306e-01,5.372407586751387631e-02,-1.510969898811825030e-01
4.794466470727650267e-03,2.803033217250961492e-03,-4.756014340884919256e-01
-2.919561545672979541e-01,1.848384757407506990e-02,2.649655411807546289e-03
-1.517295474227462748e-01,3.163262333690288752e-01,1.508419026273627728e-01
-1.317412367018402076e-05,7.733178399298402952e-06,2.153169673476083913e-05
-2.862322239361881834e-02,-2.742598384667122371e-02,1.380859159997607499e-01
1.571309738140401566e-03,7.861913182883761191e-04,-2.786438687907342310e-02
6.528702074488056117e-02,-4.851117065550487190e-02,1.434749332254292853e-01
1.963247123148501305e-01,-3.645762711179746374e-01,1.130733031348186007e-01
2.817829422662970762e-01,-5.765896486059303438e-02,-2.349047509093032948e-01
3.960389623994825352e-03,-9.352096899599357527e-02,-2.148833059716800942e-01
-6.919920682771145588e-03,-3.661227085171884273e-03,-4.367077899205232816e-01
-1.634007263989939798e-02,1.860449710783259811e-02,-2.619963019346329691e-01
2.822177720332503734e-02,2.192964551851044400e-02,-5.262009569373343049e-02
-1.687994504197742052e-01,-2.170988519883522427e-01,2.349826271439240388e-01
-6.989259975880760152e-03,1.475287122811627227e-04,2.223819962887863683e-02
-1.887245596198214304e-02,1.827144276308974302e-02,-2.827433323590380909e-01
-4.974189512587889883e-02,-4.935947414411389483e-02,-6.931541947299620088e-02
-1.057012347793966772e-01,-9.165613359515653764e-04,-2.427963702722961761e-02
9.263703021024570494e-02,4.758990220162071655e-02,-6.491693395574592296e-02
2.117813518584905352e-01,-1.467712355515352618e-01,2.116673040622034374e-01
-7.924727760377868468e-02,1.596405739234066368e-01,-7.801766463414977482e-02
-1.513661026728730097e-01,7.575869443277422066e-01,1.900153672581364361e+00
-1.688864346531245619e+00,1.072938049771503533e+00,-5.466973480585259892e-01
-3.851383067203886096e-02,2.315737146062131213e+00,-1.108412278188903588e-01
-2.780117673257224281e-02,1.001692688831405664e-02,2.321763212779695440e+00
1.469433995144446836e-01,-6.025572067007112231e-02,2.238540819592059528e+00
1.337813896552698223e+00,-1.802008330897416188e+00,6.949839380864477612e-01
2.036085483387095052e-01,2.786128264854023651e-01,-2.200091191689312442e+00
-2.599947710468936690e-01,-4.001239851321816005e-02,-2.229108058511837687e+00
-1.132080398859425907e+00,1.336491801871892759e+00,1.024007563702442614e+00
-1.218186721203689871e+00,2.027261004185662241e+00,5.138956173317402176e-02
9.639406005166971658e-01,5.623748791189449037e-01,-2.146587187610941250e+00
1.486122855393790188e+00,-1.148040393378795265e+00,-1.420057096833541532e+00
-1.569256839569816431e-01,-2.178975209225695320e+00,-8.470963289033638377e-01
-1.912039386739738112e-01,1.635198468375357983e+00,-1.372282810334062964e+00
-3.871152278966239479e-01,-2.089706470394916416e+00,-7.925625477028315213e-01
1.711432947412735217e+00,-6.948101049793170558e-01,-1.296193033994220256e+00
-1.355550055462078317e-02,3.205083875225070433e-02,-2.331552590265522973e+00
-2.391512549204294624e-01,2.057332135755415070e+00,4.982747277381658901e-01
-7.454495061085624208e-01,-1.920241368875214460e+00,-8.882893672675330476e-01
-3.117757018363926380e-01,1.548271301216307627e+00,1.254543795502413905e+00
5.637653907468767045e-01,-1.680928729190845350e-01,1.955969859089676577e+00
3.817901103275919139e-01,1.056656519301914177e+00,-1.944711897246236720e+00
1.545545002186830441e+00,1.265071682053400703e+00,1.364623818631923946e+00
-1.396882813511327814e+00,5.612842113772361641e-01,1.346819291389244500e+00
-1.928010475197727169e+00,-2.528385445296848708e-02,1.396355831029831851e+00
-1.073755756371271852e+00,-1.338454555036977078e+00,1.098400360458154701e+00
1.890521178130861291e+00,7.647377516791898922e-01,-2.845904435822393941e-01
5.796412925767457924e-01,1.395949969019508075e+00,1.910665403198486656e+00
1.844894138779322068e+00,-1.452135323241836806e+00,-3.211605808074414758e-01
-3.360444256990305356e-01,-1.199284541127323855e+00,-1.830132879780349109e+00
1.378517044939973069e+00,1.409911921520495826e+00,1.229887313511079272e+00
1.424307397160278432e+00,1.231590489558344492e+00,1.078136477090708478e+00
1.459358664631256741e-01,3.416396665127798271e-01,-2.263082160300842638e+00
7.520737661162425584e-03,-1.542165155792318788e-03,2.484420819734332930e+00
1.425540363971809166e+00,8.808159459441241568e-01,-1.274736342503760556e+00
1.552235522359628694e+00,1.145034662429155414e+00,8.273127015586908550e-01
5.263525896552717631e-01,5.434901721303989630e-01,1.864857433223586547e+00
5.249209319677802243e-01,4.967960277724570717e-01,-1.967094999605422334e+00
-1.698439590618485706e+00,-4.967369655879557699e-01,1.475066583878329673e+00
-7.619572321121276248e-01,1.340606951834001914e-01,2.144251202971038772e+00
2.348663045013711093e-01,-9.837750904169716426e-01,1.982198529414532562e+00
-1.846987431100305166e+00,-1.164002637898235104e+00,9.288869233769161404e-01
-2.053259159094426023e-01,1.636037207998829679e+00,1.864626383276384081e+00
-1.886473550336136007e-01,-6.267032269992283133e-01,2.051222699120446968e+00
3.002985938706954627e-01,-1.833436148575374181e-01,2.410082160903479931e+00
-2.655014586703686730e-01,-4.859463151513650214e-03,2.326819674724487363e+00
8.738921297604967942e-01,1.166490108347388421e+00,-1.608412567071619836e+00
-1.879019288427364209e+00,-5.322229275962748751e-01,1.439134631010006604e+00
-1.935212187052173016e+00,3.671703599126584228e-02,-5.721815479209976241e-01
-1.769581551802035468e+00,5.264873110264399747e-01,-1.305983549719712311e+00
1.117640025989523833e+00,-2.111625839399453142e+00,-1.053518041633631427e-02
-1.407352530942601425e-02,-2.091674492272093566e+00,1.311429634976663872e+00
-2.776767918505694266e-01,2.232429390498100741e+00,8.997731950528435885e-01
-9.338036643274499893e-02,-1.072623825398259269e-02,2.442841801570167171e+00
1.024288808780442039e+00,2.011005757948738815e+00,-5.143414934648038450e-03
-1.227686528799599497e+00,-1.027366984118482929e-01,1.759496923512839262e+00
-1.445919463953583950e+00,-3.369856988643539220e-01,1.793637584195612922e+00
-3.047961265005837417e-01,3.092286520226069091e-01,-2.093373199423853581e+00
2.193057997047081764e-01,1.590622639705910890e+00,-1.493360705788967513e+00
4.103670930702266739e-01,1.314891257835256511e+00,1.596065394809367266e+00
-1.225636345859148157e+00,3.461794190601159005e-01,-2.003981677529854455e+00
1.421846820601127215e+00,1.403713308480536215e+00,-4.421863078214315901e-01
1.504324340231652846e+00,9.785813968733816370e-01,1.286083809915252729e+00
2.202007199626061784e-01,-6.110331136083534294e-03,2.280779217112664625e+00
3.749274601942894636e-01,5.314921661932474617e-01,1.939039630536631975e+00
-2.008774845346527282e+00,-4.665245263919214347e-01,5.104949620105686536e-01
-1.278337088591913417e+00,2.024045523996412577e+00,-5.621593547397838453e-01
1.020173228265574439e+00,-1.382773571013667047e+00,1.063822634832463088e+00
9.819804128831908230e-01,-8.332525835671908965e-01,2.020251998794775350e+00
-1.480210393483698095e+00,-1.458333134779358886e+00,8.579091168382420030e-01
1.900476031000271959e+00,-7.646705893632087525e-01,-1.340816445281761027e+00
9.721989809640189106e-01,-7.195744953119155296e-01,-2.085769227506427903e+00
3.406951233525466402e-03,-1.128912292044212951e+00,1.806726337802496696e+00
6.815065478230775131e-02,-3.862417524448212847e-01,2.334104785060444609e+00
-6.474887224152628962e-01,8.057974553652378358e-01,-2.025508963388026551e+00
3.527673430216401451e-01,8.511091092954710113e-01,-1.898576579357795779e+00
-1.545491921456959128e+00,-9.152380663637899039e-01,-9.981362909243348680e-01
9.140851610840142749e-01,2.147100855585748480e+00,4.784984790856343095e-01
-4.160763366665476415e-02,1.709583239542852295e+00,-1.246008058771460369e+00
-2.890429541444020090e-01,3.128433163224201841e-01,1.983723948976094942e+00
-5.977141664844261015e-01,4.362805619905636423e-01,-2.064596909866406982e+00
3.272088072654372182e-02,-1.250158965588507864e-01,-2.427958843040208148e+00
9.748071461185351394e-01,-1.693146604505644692e+00,4.641209783779235987e-01
1.870935730555259413e+00,-7.517364240324253544e-01,4.922812632986109938e-01
-1.808135072816992039e+00,-3.374916997680863645e-02,-1.281715135268966854e+00
-4.038389580420485570e-01,3.200959961647440455e-01,2.184924631102172832e+00
1.199682531016753151e+00,7.355110646382375661e-01,1.802306700760942348e+00
1.724212427234924405e+00,-1.354239806967183213e-01,-1.163943410447102256e+00
1.702531263429072128e+00,-2.183457940429572863e-01,1.233656480304080372e+00
1.928663332249352713e+00,2.706125474941211556e-02,7.157875670923670164e-01
1.795790109106762067e+00,8.071775738577895154e-02,1.475542428967870912e+00
2.144108084647176060e+00,-4.550749896052168619e-01,-5.615042296012557888e-01
-7.774489749312574194e-01,-1.072397531537309767e+00,1.662227053941008226e+00
-2.805790855836248210e-01,8.000818811398621166e-01,1.841780344516781298e+00
4.338746542194425460e-01,-1.313487558599262250e+00,1.477663437404693525e+00
1.491747105789587469e+00,-3.289693405742572518e-01,1.326143361537019505e+00
2.970128082068075881e-01,-5.393617043416960855e-03,-2.419580080042640802e+00
-3.542150296816658495e-01,-1.890652049028118231e+00,1.072803776475217630e+00
2.074267382517517522e+00,2.232459232735885812e-01,-1.795092563012723186e-01
9.309108006427448956e-01,1.198612049016454240e+00,-1.491728036660789014e+00
-4.318210808554590052e-02,3.563389131253610204e-02,-2.461600589365133818e+00
1.866148145037035411e-01,-2.198244422977641277e-01,2.481425669251859922e+00
-1.056906624344472245e+00,-1.476290838541908235e+00,1.393531191741303799e+00
-1.258629372984826078e-01,-4.154312236157700067e-01,2.442716236653015294e+00
1.739562654161050714e+00,8.524123749575541753e-01,-7.872762048644783572e-01
-4.029398927920342932e-01,1.421521273062122948e-01,2.063845982003561730e+00
-1.208837254132189676e+00,1.568412526274511887e+00,-6.400729453324299767e-01
1.562963567599802595e+00,-1.687302458974450525e+00,-4.381492714285646350e-01
-2.540193273819372211e-01,3.875838158475640172e-01,2.217869120849714548e+00
-3.976717557353048327e-01,2.368087176350824219e+00,1.118650834413029704e-01
1.260306729361091005e+00,1.667378386053395278e+00,1.352192809882803680e-02
1.324968194457093289e-02,2.024225392759988473e+00,7.766802308659457310e-01
3.468754646401867037e-01,-1.723641097424103874e+00,-1.291789065214747456e+00
1.288179346993893581e+00,1.396942221267239992e+00,8.275869604915951916e-01
-7.127805035283280022e-01,-9.297970062689940862e-01,-1.953339080638083480e+00
-1.814032534671716101e+00,9.231287936682872619e-01,-3.221252945657843703e-01
1.160759298963949249e+00,-7.591089415392839046e-02,-1.689504823402897538e+00
-1.284822340090148174e+00,-1.596276675140561041e-01,1.678032724451347990e+00
-1.851443468580050489e+00,2.808856199157335198e-01,-1.483782598833430333e+00
2.434902604612313934e-02,-1.287532687398959819e-01,2.356233242075355339e+00
1.545205086018261176e-01,-1.774585138668223205e+00,1.548275692428661809e+00
1.618039877156140172e+00,-2.169629577283747612e-01,-1.420547248138289476e+00
3.509559435155857332e-01,1.423104128484781183e+00,-1.636739321036761563e+00
-1.764258249047384597e+00,-1.187518847333152383e+00,5.551761809960585881e-01
7.308077515676154601e-01,1.357431899674094167e+00,1.720749446841318919e+00
-1.119435418699284090e+00,1.028781336259539270e+00,1.447477962166156873e+00
4.885848266682659702e-01,1.360107263346873374e+00,-1.736241641642983113e+00
-7.027241298396964542e-01,2.408851985039658361e-01,1.881026501489323932e+00
1.008724866596967029e+00,1.474070530519932642e+00,-1.677887378348920544e+00
2.430655482053131478e-01,-1.660564074042858884e+00,1.557023319270428363e+00
-1.925313817952627460e+00,3.524611687091300238e-01,7.420933713576394197e-01
8.262996431700490030e-01,4.060767646400644804e-01,1.848515670594699678e+00
1.436636796689561013e-01,-8.249274626530654908e-01,-2.014246764084090202e+00
3.285151908165893087e-01,-6.677818931447282447e-01,-2.227726779447185113e+00
-2.149141419886662518e+00,4.046054602425161462e-01,1.180936395649482940e+00
-6.174555947536567446e-01,1.780257918904903369e-01,-2.070671959269972273e+00
-1.124531770190213331e+00,7.219895231512779565e-01,-1.716102398076785107e+00
-1.538422878783087588e+00,-1.761353635954899244e-01,1.806460961532695420e+00
-1.475495237966791606e+00,-1.408442679684460463e+00,1.311795645511305786e+00
6.986940677608339811e-01,4.128216483167096995e-01,-2.218356696350381352e+00
-8.536342168865338476e-01,3.567728333574616273e-01,-2.134140283201908073e+00
-2.100190023242013648e+00,-7.408451501511756909e-01,-9.773908243923874750e-02
4.447629395779377770e-01,2.284037975780711938e-01,2.041072576016562667e+00
-8.675990889606286505e-01,-1.251800429296749506e+00,1.412935493769259088e+00
1.658144196326414521e+00,-1.298353910624592489e+00,-2.953346772951569443e-01
-4.897850965051502026e-02,-1.661327686315027252e-01,-2.128666181017984993e+00
-2.133869882152629405e+00,-9.840517396938536221e-01,7.651408121457982103e-01
6.492943176879144573e-01,-1.487931284029238466e+00,1.189079849283389168e+00
-5.365961059890378415e-01,9.157342319654059315e-01,-1.981718645499022768e+00
-3.517179280389509666e-02,1.388223099222537726e+00,2.055020416533074101e+00
-1.100278687257003174e+00,-3.651718799108628399e+00,1.521744443359861920e+00
3.109011201435628591e-01,-4.153737741468590983e+00,1.498135393179937491e+00
-3.463722451109367273e-01,2.305107274721233945e-02,-4.021407045274774106e+00
-3.276840897173797007e+00,1.574317459920361539e+00,2.598938487905916528e+00
-5.284501067889133541e-01,3.677268330016030706e+00,-2.467850837953749821e+00
2.439691364610306223e+00,-2.330539154825232995e+00,-2.757528587241453888e+00
-1.491082577900665340e+00,-1.159228526151533822e+00,3.969515086947406068e+00
2.872381442546712904e+00,-3.268636393734045242e+00,8.943588533425971265e-01
-2.405356379530542432e-01,3.538260273064798844e-01,-4.294845979926638968e+00
-1.353009882743146097e-02,-1.363536871897912291e-02,4.300291859899322944e+00
-1.730429778136428842e+00,1.394828179104902199e-01,-4.030658178403108138e+00
1.077213109444299377e+00,-3.860305371264936003e+00,-1.514075549308495416e+00
-1.872505512840924702e+00,4.009596004781229794e+00,-7.925274174927522397e-01
-2.429032586628196544e+00,1.183303435986068797e+00,3.062003997373368591e+00
1.321894466206401109e-02,-2.104501352240562451e+00,3.461316700718151562e+00
3.622441297696114004e-01,2.433726012404304306e+00,-3.371141910377553064e+00
-1.398838089406975849e+00,3.841692825049132676e+00,-1.267072545744400092e+00
2.454404474477799525e+00,3.549727800572958780e-01,3.487196721961973722e+00
-2.672156620598717058e+00,1.926482401834642977e-01,3.479001918261679371e+00
-8.458592375489146220e-02,1.696562536325473491e+00,3.784726161061726213e+00
-3.801533197637642303e+00,1.966205718034635064e+00,3.351089457777279845e-01
-1.128644370350344595e+00,-4.291827332318250754e+00,7.086707687218294360e-01
-6.673252411518886262e-01,-2.635886806438238583e+00,-2.941630624459112386e+00
1.349342759375941947e+00,8.155339125708073456e-02,-4.070971135696945353e+00
-1.321083450153757610e+00,2.988428085050774397e-01,3.925202728750440961e+00
-4.754974741146933970e-01,-2.522440224364031813e+00,-3.371687717255628769e+00
-1.771559778472507896e-01,7.682825828808551027e-02,-4.273097964825663730e+00
-1.017737112390766807e+00,-1.751806755336102306e+00,-3.550469959612970960e+00
-2.863512774502563474e+00,1.545061071472453584e-01,-2.991048870850872010e+00
-2.186298392211234454e+00,-3.551702847593350754e+00,-3.084462027338319423e-01
-1.771618464103133506e-01,-3.309164955655408136e+00,-2.422311401395771835e+00
-2.694479061926204899e+00,7.340422710496423697e-01,-3.350548751048671559e+00
3.019860949772553038e+00,9.951763221370271140e-01,2.429047859355082828e+00
5.057831931106011591e-01,-3.661342935669237963e+00,1.910249306247567391e+00
-9.598106820405138961e-01,1.200806748438682181e+00,-4.177749792081856484e+00
1.062118849082808625e+00,3.431029112896078814e+00,-1.762303178679260895e+00
4.062880394751655078e-01,-2.822207889227644984e+00,3.164688093599004937e+00
-7.563607935905107826e-01,5.615925634768983432e-01,-3.991571583879057528e+00
-1.298674337634285303e+00,-4.247631549690488839e+00,4.197489022374905066e-01
-3.514275247422914972e-01,-3.277786551869410037e+00,2.535237834880995411e+00
9.606639310113526120e-01,-3.894243507846470553e+00,-5.090088534858011604e-01
-3.942816242782164693e+00,1.380726543315662802e+00,-8.068788531472115277e-01
-2.550467602956690172e+00,-2.249304958524852793e+00,2.385197776991860863e+00
3.310445044467451137e+00,-2.409745856489992288e+00,1.561493553399421641e+00
1.838266819876711866e-01,-1.025568183863132532e-01,4.269690005493394835e+00
-4.088460359782538411e+00,-1.748597185319761271e+00,-7.715232112868097847e-02
3.206760587395699247e+00,2.515988317797299700e+00,-1.528451873752787682e+00
2.797313803290245038e-01,3.512791954018396612e-01,-4.289536877017081196e+00
3.656261285575665099e+00,-1.606678077743657784e+00,3.169997412021969829e-01
-1.172624457870371950e+00,-3.382276277473617476e+00,2.086517422114921860e+00
2.003765458894716800e-01,4.717818163416648281e-02,-4.276581403771433365e+00
4.974168252559430514e-01,-6.173820829058619397e-01,-4.305997011094725657e+00
2.688185365099281299e+00,-5.863668843959655153e-01,2.953026875532958062e+00
-1.753166045435948117e+00,3.537916546171939736e+00,-2.049751316480614260e+00
2.214034298652357791e+00,3.647214541501673235e+00,-5.122637424034630627e-01
-1.718056080137201569e+00,2.229692958853905616e+00,-3.301829212908922617e+00
2.016706524340374340e+00,3.738263446906676002e+00,-2.374666188049849858e-01
-2.000959834468492904e+00,6.777119378846682141e-01,-3.494427851569695598e+00
2.598241474284684216e+00,1.482785639718382266e-02,-3.328267799867946408e+00
1.439710116525656947e+00,-3.182722778870153757e+00,-2.714811807900990637e+00
4.144554557364858560e+00,4.921075067904183697e-01,8.897403914909576272e-01
4.217900775751433962e+00,5.191241074988545146e-01,-4.046828790679226073e-01
1.649277257265561847e+00,-3.271428992869300778e+00,-2.556380495295341504e+00
-1.135650562815861075e+00,1.329780653140439917e+00,3.630708966541735361e+00
-5.058190351488549563e-01,-8.170397936051486676e-01,4.245209988819726554e+00
6.146635521494481225e-01,-2.791593170329926377e+00,-3.312437573435760285e+00
8.336332402630428073e-02,2.790430722937276009e+00,3.272258032434423924e+00
-2.596913831066138476e-02,1.962298642799830573e+00,3.546425913013287801e+00
-1.656153275522349810e+00,1.266570963176614439e+00,-3.815407519541701209e+00
-2.643535366606256654e-01,-2.449321395086759612e+00,-3.742683740765713640e+00
2.834417608514797404e+00,-1.107151937172535350e+00,2.953218089217477083e+00
-2.678356439236557307e+00,-2.624252034193958139e+00,1.719407484675611997e+00
-2.172432562851739135e+00,-3.363542239583171334e+00,7.383562866345575459e-01
1.184341356819570867e+00,2.044532511101466277e+00,3.230234467758916317e+00
-3.451200187223829374e+00,-2.695263318888719839e-01,2.166131674493072978e+00
-1.524349599476558792e+00,3.361420616833378450e+00,-1.723272681010460383e+00
5.635610748480669452e-01,-1.684859510300199328e-02,4.108902070210692870e+00
-1.869110882804028151e+00,8.223894308294801281e-01,-3.767849898461029134e+00
4.598396454956438784e-01,-2.632437806412032955e-01,-3.994144944965599020e+00
7.642268064785429083e-01,-3.993430604354251567e+00,-1.873471456926224521e+00
1.625966366093760440e+00,2.283772831148536131e+00,-3.068046231691864190e+00
-8.699097879925220544e-01,-9.699876609459211485e-01,-4.000529669844230973e+00
1.721801120030796717e-01,-3.371283808339182730e+00,-2.926538003263309484e+00
-1.429789797448269617e+00,-1.685609929264306306e+00,-3.657563116493407041e+00
3.545877038985523200e+00,-7.712731215352557346e-01,2.641882428779280367e+00
-1.940089677334770446e+00,-6.604507510270698489e-01,-3.535559743173519731e+00
-1.170513855300511219e+00,2.806959366803976064e+00,-2.656565539736073678e+00
-1.912023731369639212e-01,-2.053022742444501780e+00,3.817474150500897778e+00
-1.649266978931208216e+00,9.353788972459279316e-01,3.835922282580609632e+00
1.953948611629768628e+00,3.537925891135327294e+00,9.730712458945836030e-01
-3.105533568224713825e+00,-3.177356885767093075e+00,3.482779629704956248e-01
-1.834671420092378824e+00,3.903920818733846776e+00,3.107981325879140555e-01
2.894083508999265586e-01,-3.095550204741416511e+00,-3.007945524199959753e+00
-2.975928221295398579e+00,3.128762674390765941e-01,3.093634064616464840e+00
-3.180748436150517833e+00,1.935079775565058391e+00,-2.276046702190026139e+00
-1.010335475589645648e+00,-9.114668435573977656e-02,-4.033680850428887688e+00
1.248525743067306237e+00,4.406529346962855809e-01,-3.804172280529857453e+00
1.798508285272858886e+00,-3.747597261632311216e+00,-1.597118885050237358e+00
5.420902434631442723e-01,2.003867690744675148e-02,4.329836072839071903e+00
9.644997775188625111e-01,4.259152783744437620e-01,4.277396694382876952e+00
2.409863765220126020e+00,-2.203187643205765323e+00,2.849829971450380750e+00
3.311752057622757928e+00,-4.939103154705684617e-01,2.744768175356106621e+00
-5.694446232326156876e-01,-3.856836017063817179e-01,4.371098740097019153e+00
-2.307153084827889167e+00,-3.272522177497297680e+00,1.859336426725448854e+00
1.664105752166541441e+00,3.702553711383154589e+00,3.171888526990315760e-02
-2.710544184932941914e+00,-3.132256036059314575e+00,-2.499593939182993274e-01
3.311028040708328679e-01,-4.387536613759614568e+00,-4.774238711811929492e-01
-3.400099082148632768e+00,-1.234062599675620708e+00,1.811594854646777941e+00
3.762714274509985746e+00,-1.506476065506273887e+00,-7.701677744688676386e-01
2.355680595811310285e-01,1.552850793755470082e+00,3.679556394000131014e+00
2.617902774287831136e+00,3.100399982073742677e+00,-3.686774088981152331e-01
2.530823392156027918e+00,-8.059186968991228772e-01,-3.608486988616528723e+00
8.001137891806061608e-01,-5.478518526157288848e-01,4.271794922132824190e+00
2.674515702934862738e+00,1.731728430149785725e+00,2.677558712257919193e+00
3.341955518575729034e+00,2.133743160964569618e+00,-1.757128604429868401e+00
1.044059107772979722e+00,-1.180485563440881958e+00,4.125683471646770961e+00
-9.118144223136777360e-02,-9.201933331170700225e-02,4.411620085896829302e+00
-2.766803325375872369e+00,2.741150594613390279e+00,1.533879939781514157e+00
-1.180236334601592274e+00,1.361988822107311758e-01,-4.304789098103757539e+00
5.417295524977625010e-02,-2.993127258587833239e+00,3.037014726828876299e+00
2.384590945049148925e+00,-2.869105010997872629e+00,-2.324082472868996163e+00
1.918557381102154735e-01,-2.395686796501584337e-01,4.227005639277041205e+00
-9.122778105143475313e-03,1.638703301051604111e+00,3.679441603453851073e+00
2.822919299191978926e+00,-1.780230216417042932e+00,-2.771857763867327851e+00
2.926336823153260713e+00,2.620383069050227665e+00,1.109415447461304272e+00
-2.681573668857861747e+00,1.969884237270963956e+00,2.958606233735385338e+00
1.730530770793099471e+00,3.497334215235053723e+00,-2.223883367808857869e+00
2.929486134417642607e-01,-1.432467601455153394e+00,-3.926349569195566769e+00
-9.803248081782212076e-01,-2.822823955280070241e+00,2.937224933314343644e+00
1.372499347558966409e+00,-1.218544605403047099e+00,3.676464504615261752e+00
3.283470787847098116e-01,2.540027078526328808e+00,-3.649124146911217892e+00
-1.431477118093987810e-01,9.232331584282672532e-01,-3.909923321924472006e+00
1.362840822173814193e+00,-4.173002245884212869e+00,4.186408463478727415e-01
-2.037379562047347381e+00,9.944001311264191179e-01,-3.724143966902566216e+00
1.220029725441812651e+00,1.255764251900788109e+00,-3.629577066173362176e+00
-3.924631274752531596e+00,-1.423396668657250785e+00,1.235081227085356614e+00
7.181015688803127350e-01,-3.745767849767022373e+00,1.896720588920487449e+00
5.773022487660618429e-01,1.380681737156177036e+00,-3.876278457218796270e+00
1.836054617980405146e+00,3.281448919907880235e+00,2.120679198962035272e+00
1.768159927023037481e+00,9.049747434637689381e-01,-3.924692810324686754e+00
-2.143692541840450438e+00,-3.596595755414284223e+00,-5.315622499891629049e-01
-1.738951427227585889e+00,3.794184997084566469e+00,-6.101442544842188287e-01
5.046797215891491994e-01,-2.247326488929790589e+00,-3.646733341984783383e+00
3.333218014457525857e+00,-2.722487359227764081e+00,8.154015062726818197e-01
-4.092623633920460691e+00,-1.276624332443245802e+00,6.918403481255347431e-02
2.649346450176460088e+00,2.996586114369673481e+00,1.195310379352306107e+00
1.599609246320793154e+00,2.520941739802284420e+00,-3.004727330670875940e+00
-6.439766814518698146e-01,-1.400191655524866408e-01,-4.118853878345903219e+00
-1.421608540498160878e+00,-5.875771615431711892e-01,-3.773492607993969905e+00
-2.798053982018689378e+00,3.241741579578633736e+00,5.980634005375908835e-01
-2.722917572985858570e+00,-9.775535311841141439e-01,2.860970977642128599e+00
-3.900046055245724563e+00,6.963616073290235242e-01,8.260746340890147144e-01
1.246286022376443370e+00,-8.335048768565490596e-01,-4.221007673162607610e+00
-2.394618343838732955e+00,-3.388220055345089854e+00,-1.745822991888298648e-01
1.372726932050288173e+00,-3.859761671219654744e+00,-1.825162439678224002e+00
-5.101802445250093188e-01,-3.102729214433251226e+00,2.936351845402596528e+00
-2.185292931951857476e+00,-2.066513062757152352e-01,3.877803303777842547e+00
4.312117758791240263e+00,-3.964714364519752454e-01,1.664631283556329555e-01
-4.948067067759438498e-01,-4.033618863251256847e+00,-2.684159891308391874e-02
1.205168836372117136e+00,-2.844826335006637397e+00,-2.833679508689070925e+00
-3.843504456688136006e+00,-1.496513551977354473e+00,-1.097666047448401017e+00
-2.809563562960080141e-01,3.492196531689776284e-01,-4.437313389775706440e+00
-1.131000138523906351e+00,4.207505708536075417e+00,-1.695712123381683256e-01
2.479575324302496053e+00,-3.302218415465326018e+00,-2.529296794394361170e-01
-2.547989377523185439e+00,-9.693234046359351652e-02,3.206841465566899529e+00
-3.226976552899182948e+00,-2.517679190081174134e+00,-1.741990701263687935e+00
-3.699117143752683301e+00,-7.222709285884941766e-01,-2.015191925655605676e+00
1.017077717117953695e+00,3.431482438624521514e+00,2.153028421543837112e+00
-3.659741880173341677e+00,1.578119957270347706e+00,5.842929241993041201e-01
-2.962712706743926283e+00,-1.060709895372762973e-01,2.994740789878404641e+00
-2.228562384389473072e-01,-1.217902949548702596e+00,3.920654063148140800e+00
-3.211448511919788640e+00,-1.366081173092195677e-01,-3.119224499424755770e+00
-3.283572877219185226e+00,9.943200904937075091e-01,-2.321485752385622714e+00
3.565817374013251495e+00,1.558061667073473044e+00,2.130330564096317936e+00
1.333898219354309189e+00,5.902982186761112499e-02,-3.969820244885243987e+00
-2.376580576215929330e+00,2.931994043192064359e-01,3.639979889830335047e+00
5.967740669117806984e-01,-2.312465164773651605e+00,3.813036854540337917e+00
-2.482555449802768877e+00,-1.227800363706130993e+00,-2.999660566717620380e+00
3.641871829086813506e+00,5.312821245457317598e-01,-1.573892247558871915e+00
2.695148481822244424e+00,-1.386261668955993231e+00,-2.704725488642613751e+00
-1.900253961620822774e-01,3.785391993174156866e+00,-1.883640541917878330e+00
5.932592043410043203e-01,1.280392309778759508e+00,3.854701218759965631e+00
1.697817608356434027e+00,-7.077259816903909151e-01,4.061788971855508024e+00
2.154411555531554612e+00,2.247405083455700670e+00,-2.790141765809977414e+00
1.040114043021339498e-03,4.743903079350852980e-04,4.229597803573455828e+00
-2.176388462891918826e-02,-5.487671595348971726e-02,4.263632266800118309e+00
2.126896035442995991e+00,-1.134320600925151634e+00,-3.364940870963998520e+00
3.639713719828972849e+00,-1.222304119411046663e+00,1.315849265038594007e+00
2.748994183078683040e+00,3.357626616220954485e+00,-3.631487105830554785e-01
-7.995471601090871072e-01,2.649214211041361899e+00,3.064892830922052447e+00
2.998102119328043269e+00,7.153064653291902886e-01,-2.865363192776162915e+00
-2.720395487772996113e+00,-8.634730540836130785e-01,-2.858810529917688470e+00
-3.218612727700559617e+00,2.482005676548246775e+00,1.367431191002768553e+00
4.161601782528864923e+00,1.489341712813336271e-01,6.682009446427428223e-01
-3.180395613386277076e-01,-1.273081374468599258e-01,-3.994300622973913306e+00
2.483685593450236428e+00,-8.579276456075651813e-01,-3.396593535354218041e+00
3.959270228577550510e-01,-3.969576094381769060e+00,-6.699275536002015086e-01
-6.519789359921283056e-01,4.123036287832644753e+00,-1.166756781872652748e+00
1.301979997124690092e-01,-3.819859524346529422e+00,-1.225695378699596327e+00
2.800080073001974146e+00,1.722597990027066706e+00,-2.585387314624344235e+00
6.179492538515173328e-01,1.277336995106475914e+00,3.841472622507898116e+00
1.048437299503380549e-01,3.160604483070138304e+00,3.069226650295333148e+00
-2.403351733567776094e+00,-2.232375997985022398e+00,2.834400343597539340e+00
2.967154661379528768e+00,-1.048483887173569551e+00,-3.184261251327499487e+00
3.792394260369795767e+00,-1.954251755155368864e+00,-2.112174168950225334e-02
-3.241174235629586065e+00,1.696396003940235930e+00,1.869704077289819688e+00
1.440424712858961342e+00,-1.147275092137928887e+00,4.060746011367831976e+00
3.200342776264604172e+00,1.246906593996753188e+00,-2.313323941097737091e+00
1.967699239170368486e+00,9.370365593381695390e-01,3.854340014166466766e+00
2.516580448974150563e-01,-1.890275702758620890e-01,-4.313341451698153861e+00
7.530348196871596844e-01,-2.377065030434692083e+00,3.738301004589025922e+00
8.063327329412547373e-01,8.697057634149653049e-01,-4.094539441248345568e+00
-2.589859611800950479e+00,5.831812647982710374e-01,-3.383661880294228652e+00
6.843971311270068414e-01,-1.157865419116710148e+00,-3.781872280955560495e+00
-2.762649283770263864e+00,2.924616921807865477e+00,-4.667086135377588318e-01
3.643222707389198067e+00,2.261698062304916823e-01,2.619114923927205574e+00
9.141938204735049478e-01,-2.636612149398135152e+00,-3.303491291250716611e+00
-6.142147409602064512e-01,7.695465923928531682e-01,-4.334079913520331395e+00
-1.152454985446967672e+00,-7.883963162581364426e-02,3.964941378512886416e+00
2.341371293950687882e+00,3.500079991792710565e+00,3.443375536306327866e-01
-5.688295338869793017e-04,1.004386824337630407e-01,-4.372620078630642837e+00
1.464264868571589107e+00,3.836201969542932133e+00,1.142984293621440717e+00
7.007056850189354869e-01,3.640484634122867824e+00,2.145342598363687348e+00
1.990493661739800801e+00,-3.743732480330265400e+00,-3.855663712689572087e-01
-1.332022513473590797e+00,-1.901630449658070043e+00,-3.783274849532884510e+00
-2.304108465369126613e+00,2.269518121243991438e+00,2.357490736470834847e+00
-9.207814402449222835e-02,-1.262167292724099443e+00,3.884051558841292717e+00
3.963551340116717281e+00,1.735501658037962969e+00,2.099694662307360071e-01
2.616729919981352293e+00,3.422694977288746720e+00,-8.942462999741377372e-01
-5.836324271070202352e-01,3.822407119207381410e+00,1.386419445974348852e+00
3.675738178871790218e-01,-7.323276222406611691e-01,-3.920054278934437253e+00
-3.017582558322930986e+00,2.147992712363633760e+00,-2.295781324604118101e+00
3.303780611240650256e+00,2.346037721700575229e+00,1.368151485689361214e-02
-2.600587267844689521e+00,-3.508273578984056229e+00,-2.338151680397536070e-01
-3.468351063863762018e+00,-2.587628094074926111e+00,2.079290755253312695e-01
2.346885320824671162e+00,1.117367016795137724e+00,3.131612266543571721e+00
-5.184831901891359118e-01,2.773293675544834525e+00,3.226284241709082234e+00
1.147340593524582841e+00,2.826714874310019887e+00,3.156937488051168028e+00
1.560843173743790002e+00,-2.072217304638649615e+00,-3.353301796686896985e+00
-3.893473910493373547e-01,-4.015381799867039803e+00,8.549206228360405335e-01
-2.715001182560349946e+00,3.404023391400852638e+00,-2.711113906240169569e-01
2.493440868986438907e+00,3.548420106858126477e+00,-1.869851385600203308e-01
1.059787396309767957e-03,-3.795473784943175777e-01,-4.120761928410741071e+00
-2.506311977992000006e+00,-3.399054933339969331e+00,-1.518952205444407566e+00
4.257502083173836382e-02,-1.199426826135534807e-01,-4.365777282927089331e+00
-4.268198560743434733e-01,3.604011340641314565e+00,-2.038189133670773145e+00
2.206816267656981356e+00,-1.179398769018758841e+00,-3.243073469819653720e+00
2.718429763229308183e+00,-1.594229943362034385e+00,-2.697320212592125621e+00
-3.104199748378163037e-01,4.275831242094394469e+00,-6.641507442998325628e-01
-6.762653749041878104e-01,4.180848157885236560e+00,2.801493115181856730e-01
3.495080909934706881e+00,-4.741248207687454586e-01,2.788165182233720341e+00
3.981494649742573499e-01,2.310751547857838872e+00,-3.365949654940621816e+00
-2.611861649798529750e-01,3.461278995230248512e+00,-2.128184008362728363e+00
1.422847769644009608e+00,-2.087111367050363153e+00,3.220167918769188731e+00
1.539673922866338307e+00,-2.681963560250556711e+00,-3.082353054981723961e+00
-1.120188327665120331e+00,-3.610120388041062167e+00,1.481828774920997294e+00
3.088039361230518587e+00,-2.130581637332793488e+00,2.002216707262482132e+00
5.161209165292405254e-01,6.392913019491143212e-01,-4.329391042516283150e+00
-8.460053838088119060e-02,-2.526495148288202763e+00,3.195985501018507424e+00
7.001743335335292029e-01,3.476739697881182867e+00,2.448407850682819298e+00
5.655007147534606426e-01,7.438679199402055131e-01,-4.065752335335546697e+00
6.381522240318867611e-01,2.520202393447696157e-02,4.361412108213529315e+00
-1.177192240968232051e+00,1.568799378421110280e+00,-3.697799733237723263e+00
1.095920431909801485e+00,5.833158154617497371e-02,3.972600573751832620e+00
-6.916672218443025155e-01,-3.851468405438118747e+00,9.765741206514776396e-01
-2.445918603784901890e+00,-2.451817328524119155e+00,-2.143876854866958226e+00
2.741061117469844266e+00,-2.968714398197781268e+00,-3.208726223431090374e-01
-1.514241973259008445e-01,-7.833819793041223445e-01,4.006455147221977597e+00
1.620965825175564090e+00,4.266400108852305140e-01,-4.146187693323657442e+00
1.603014086577633446e+00,7.881188598886790242e-01,4.026509682490687858e+00
-1.677234852045884406e+00,3.514976169921751215e+00,1.016321995962989888e+00
-1.936040784607699461e+00,5.161779756530977536e-01,3.890376564111059032e+00
-1.296597096733779875e+00,3.511663697436404052e-01,-3.768666189882505346e+00
-1.472617438890900132e+00,1.993443508663264585e-01,-4.068130055971431069e+00
9.583957080900548653e-02,-1.134841397528173756e-01,4.321564466450384501e+00
1.797986084187378930e+00,1.135463242830769381e+00,-3.580813778793315638e+00
-2.643941521644565196e+00,-3.100175397598730509e+00,-1.529963451825737231e+00
1.596691585807150204e+00,-2.675601660506016222e-01,-4.067581409086677091e+00
-3.223591206947211241e+00,-1.816633348159126360e+00,1.595231513215409569e+00
-1.502677569347700137e+00,-3.472517743405539203e+00,-1.312835094350782716e+00
-1.643675602153753523e-01,-8.164917275634753224e-01,-4.106958913171854242e+00
-3.201515352353432764e+00,2.169816005871231024e+00,1.190181507130656957e+00
1.072275237772262857e+00,1.634622350123237089e+00,3.504944610712462882e+00
5.586164533302916402e-01,3.787388403107610380e+00,1.248056554137202401e+00
2.350768784117106769e+00,-4.002575941866874931e-01,-3.694970013296225986e+00
-1.768787527523002945e+00,4.491471028146336031e-01,4.041200245753489462e+00
-1.626325904596042093e+00,4.197372351465352147e-01,3.891559021976204846e+00
-7.734330798708870525e-01,2.754794638448103683e+00,-3.032826692633562082e+00
-3.708423122656605009e-01,1.077885416739522290e-01,-4.365270454524800670e+00
-2.890060089347721295e+00,2.584591224361473039e+00,9.931121122029908932e-01
2.286968980738383284e+00,-2.977179167140133309e+00,-1.452813930229587713e+00
2.862201064239114245e+00,-3.462423801813032664e+00,6.682102564026415337e-02
3.425329957710877338e+00,1.616228812464100217e+00,-1.846667492284127965e+00
1.386679458306752544e+00,-1.853201759396219325e-02,-4.083062462035176310e+00
8.246747978406473445e-01,-3.873664378748600812e-01,4.369664119732389551e+00
8.818027028929030786e-01,-1.658405468711534880e-01,-4.339951757095579232e+00
-3.872552632610522239e-02,-2.374519426700615055e-01,-4.113245995465279137e+00
-3.142813284240128180e+00,-1.962928820345961833e+00,-1.944774376062053278e+00
-4.319689842366617683e+00,3.161261382894651750e-01,4.314178334821776040e-01
1.322085151479788445e+00,2.285567631690662349e+00,3.103616312517521347e+00
-2.011425017517494584e+00,2.817466909964278177e+00,-5.060684342916246692e+00
-5.373977446187816476e+00,3.128092420763152859e+00,-5.245289101464742920e-01
-1.946842833049973853e+00,6.312109784620913988e-01,-5.907387478679089199e+00
9.219681282018300783e-02,1.889186932415581194e-02,-6.317165040142619148e+00
2.094182380238005237e-01,-3.162056423078798417e-01,-6.015690288607869363e+00
-2.100342841162639473e+00,-4.880468804206786082e+00,2.878251019322605408e+00
-1.500399933236446492e-01,-1.848226505202386516e+00,-6.083864072777425136e+00
-5.485654693552851846e+00,1.729217634547222771e+00,-2.024419032960236287e+00
-4.996933720775418308e+00,3.523550441926588395e+00,1.036848052527663544e+00
-5.213951670295177365e+00,-1.417565338476006076e+00,-3.078415879896565066e+00
1.693662669851585534e+00,-5.958415818058941937e+00,-1.246743050584772305e+00
-4.306994771194315952e+00,-4.681898931515734219e+00,1.260452897177966491e+00
-1.512568591859513756e+00,2.597698839023612649e+00,-5.396951676974148349e+00
4.782270025611626174e+00,-3.890643093309589684e+00,1.336289751242331292e+00
-1.347453581703044856e+00,-1.766796018600393925e+00,5.798759018147657152e+00
1.214328187506477974e+00,2.601677353320773989e+00,5.306396864388525536e+00
2.892983774182808165e+00,-3.137567391976570974e+00,4.583847638564231275e+00
2.064750167265901215e+00,7.756737954920471800e-01,6.068084856432599317e+00
1.000688063133208461e+00,-1.230190487638452845e+00,-6.135325355234402700e+00
2.132909750618247280e+00,1.896162883636247409e+00,5.529167340611245152e+00
-5.098641163519413766e+00,-1.924633761322278147e+00,2.819289723277830007e+00
4.655883197682780583e+00,-3.434374380234793467e+00,2.660212490566549626e+00
6.133785284935031612e+00,1.155251538082256335e+00,-3.120031972280544186e-01
-4.072207014962984317e+00,4.489622797612820015e+00,-1.493818019231891947e+00
6.042777489996409734e+00,-1.820067089850042175e+00,1.497335848948155856e+00
4.942934045385059122e-02,2.868303346887262628e-01,6.162775509822110642e+00
-2.611408737588243767e+00,-4.524565409903434698e+00,3.265574313433442732e+00
-3.395383219391711616e-01,-5.410498989985772944e+00,-2.579171694816654536e+00
5.545160198994708800e+00,-2.062008788375621293e+00,-1.914137503943302399e+00
-5.672739587761105318e-02,1.970551297740391894e-01,6.439055152340085186e+00
-9.463553634981907159e-01,-6.049145831503175863e+00,-3.082570499357846772e-01
6.081947031349865362e+00,9.485147882573814471e-01,5.817530840247940871e-01
1.109161182162190062e+00,2.562652907596298796e-02,-6.131835720029608083e+00
-5.899599683459287647e+00,1.156766057862109509e+00,2.899166206906535481e-01
5.518362189350167757e-01,4.445637887516606490e+00,-4.057128466798157973e+00
4.751100857929025700e+00,3.491928539716649738e+00,1.478202764536605152e+00
-3.194241699025048842e+00,-3.699281086413904962e+00,4.038254141686996590e+00
1.144913186677997574e+00,3.154557186835236227e+00,5.522413751854834629e+00
8.437773433654266464e-01,-5.690573302043030468e-01,-6.284197157023698743e+00
5.718572872646030980e+00,-1.852133767803946895e+00,2.409800610627875983e+00
-2.175228901962108274e+00,-1.584595557569197677e+00,5.507408364706013693e+00
-5.896009251723898892e+00,8.729203825810628592e-01,1.800635640018688033e+00
4.149691241707085254e+00,1.875083003282911553e+00,-4.028570295751879193e+00
8.683396449039925136e-01,-4.686417775012476028e+00,-4.109682550773137599e+00
-2.292662207472880631e+00,-1.601932475438428094e+00,5.437400903378650341e+00
-6.084857677378231244e+00,-6.777074494582207009e-01,-1.592509227243952052e+00
4.549354026622057567e+00,-2.711159735837335383e+00,3.250357667978625908e+00
-3.125009069563703390e-01,-3.753756730451799500e-02,6.125523423965832492e+00
-3.837832055406321885e+00,2.517931222883023956e+00,-4.519212044698026176e+00
-2.877917377304665347e+00,2.668864094802714249e+00,4.807747788082862961e+00
1.026110201054094562e+00,-2.095950179692708026e+00,5.701689757174673190e+00
5.902867729904931471e-01,-1.833704892252097318e+00,-5.817122116386157060e+00
7.271653156541099117e-01,-2.572249696074559999e+00,-5.798789426839253913e+00
4.544771929397202204e-01,-4.269895775773946411e-01,6.415481878436416707e+00
4.879376870626891183e+00,-3.215454035735747507e+00,-2.674680896779482620e+00
-4.532737136784621867e+00,-2.255502486345093871e+00,-3.375485455980521188e+00
-3.032141564707506287e+00,2.072754729268264651e+00,4.775267352283940170e+00
-1.007401936931685782e+00,3.356794818950438852e+00,-5.359559450482654697e+00
-8.445301549754258286e-01,3.377583956245961971e-01,6.235154998978226892e+00
-1.305714611517932555e+00,4.232054550235521684e-01,6.222724985304244782e+00
-3.174166608538613765e+00,3.556451758059628432e+00,4.163191630292765844e+00
8.639264367463481697e-01,-1.468385596763457590e+00,6.213874775246680748e+00
1.014988914205559256e+00,1.781558026380121174e+00,-5.910734263259764809e+00
2.951220283067836014e+00,5.225020461394089821e+00,-1.265211256853675081e+00
1.217146530013877737e+00,4.480457240908229721e+00,4.037499171835727374e+00
-4.556705476635453778e+00,2.203239495835936701e+00,-3.649941411485365439e+00
2.541415495755674492e+00,-7.136669268840430957e-01,-5.805986766799394516e+00
1.092797895390949625e+00,-6.181039861741238539e+00,-4.997599965407351769e-02
1.544021177785156324e-02,-2.919003573280024022e-01,-6.397624588193234985e+00
4.155455323178546045e+00,-3.005557348398475881e+00,3.151577274507619819e+00
5.027621461695145122e+00,3.464486393243121132e+00,9.213514948597878451e-01
1.140755962699497639e+00,-6.344912575507591690e+00,-4.521812903893276392e-01
4.721155335846393797e+00,-1.905768102236244488e+00,-3.802057763903242460e+00
6.331003511807226092e-01,-3.624504923161484093e+00,-5.206261129115501873e+00
-1.193608967201349236e+00,3.356302795779762871e+00,-5.123941505602743973e+00
-2.805442122376937686e+00,-4.372587824860490358e+00,-3.666077316164875644e+00
1.120965277604248245e+00,2.937873422730338024e+00,5.124370955771352598e+00
-2.648053097444268200e+00,-5.542973486041857356e+00,6.110307500443107331e-01
4.827323278911543197e-02,-2.450124050237838247e-01,-6.044172331956720434e+00
-3.352693733379833230e+00,-2.343183943404969494e+00,4.772848701555081341e+00
6.218530898313248123e-01,6.089281459831125121e-01,-6.285492649022918599e+00
-8.323220325328394287e-01,5.135483694909379615e+00,3.884116755682575306e+00
3.098910820924436482e+00,-9.433600281746430394e-01,-5.200346523514689956e+00
2.060698812038983085e+00,-3.287582941177970230e+00,-4.857981045478990012e+00
-3.681466755191035389e+00,3.213566819862717860e+00,3.703859511938663918e+00
-3.871990663329696325e-01,-6.692183933922560835e-01,6.313350050350517328e+00
2.907625551855682611e-01,-7.618863341080236440e-01,5.983996000636988555e+00
1.165637039668779185e+00,1.772273206060563655e-01,6.292798193995889910e+00
-3.983369176824402280e-01,-1.190761410986443947e+00,-6.313047895405076382e+00
1.679222569136284982e-02,-3.680532550340862019e-02,-6.300722761095373770e+00
3.318457862401338332e+00,-1.577338597457081937e+00,5.044150894263168539e+00
4.619728186577192197e+00,3.797721480512843861e+00,2.011051149699393026e+00
6.701471594514224472e-02,1.047428016481432023e+00,-6.233292149600617726e+00
4.824895713244811146e-01,-4.107510658805856862e-01,6.411522410031629704e+00
-1.486739170170362501e-01,3.836078550275279220e-02,-6.238917360373760879e+00
-1.365391831814905643e+00,-2.409308120383804042e+00,5.686748975569153153e+00
-3.347972173412585128e+00,-2.162654530642337536e-01,-5.298348195675656847e+00
-2.695981866179730235e-01,3.971722781135294866e+00,5.030317756745033009e+00
1.196796864450495379e+00,4.277112244181537015e+00,-4.368270313224662971e+00
6.555146815592742815e-01,-2.909057412686550936e-01,5.994095942875585337e+00
4.254810180822656385e+00,-3.803936867621400264e+00,-2.691322932827162173e+00
1.269695623707133736e+00,1.091643873408433052e+00,5.949331513888708400e+00
6.076852486886982874e+00,1.137773850842489720e+00,-1.080935395067084137e+00
4.683563062060583371e-01,5.687657024287783969e+00,2.432657313056512116e+00
-6.175306961381434867e+00,-1.193802069086159268e+00,-5.791984489079498033e-01
-3.345714038557379144e-02,5.963544503482461068e-02,6.473677974017942205e+00
-2.166508409559296577e+00,5.137016229197854944e-01,-5.851082786876946606e+00
-5.459703989563996274e+00,-6.922553379599566403e-01,-3.303762288423208737e+00
3.337296507401554368e+00,-5.226518204945515222e+00,-1.371985132084233117e+00
-2.919273555682218912e+00,1.729170356114713147e+00,5.021785076374628787e+00
1.377241482496392111e+00,2.236480548619590003e+00,5.494403688651363638e+00
-4.828555231425848859e+00,4.438403768679777817e-01,-3.766717258165878768e+00
3.473081127706073024e-01,-3.254649084291762140e+00,5.174912608617288967e+00
-8.894816132038876333e-01,-3.423235537201389511e-01,-5.966362603007361542e+00
-5.710667125840109826e+00,5.070149363002692672e-02,3.038307667008770974e+00
1.734280713869155610e+00,-5.138049520702023365e+00,-3.267416487771621636e+00
1.823265392521525419e+00,4.984263797292271647e+00,-3.015083821267940500e+00
4.752009919804091709e+00,1.363724121292595237e+00,3.713753498013224519e+00
5.775725177155842438e+00,-7.204549624089405802e-01,1.518178206180717416e+00
1.335240607147324399e-01,4.189512572431699426e-04,6.221402211232182289e+00
-3.815821346896872246e+00,-1.848548598787299879e-01,-4.657994459081535865e+00
-4.938122093518447997e+00,-3.531232564006869357e+00,9.210790681861783513e-01
-1.371985656634138406e+00,-3.302894400649758921e+00,-5.151732641742989394e+00
5.034635096083686534e+00,7.597308510661887615e-01,-3.178449540093462478e+00
-3.205863531008054323e+00,-4.248288483811234251e+00,3.153398848056897297e+00
6.073182963060586914e+00,2.809570968024360238e-01,2.852381031144899382e-01
3.761655037255452472e-01,-3.543908484429207917e+00,5.134311106822139870e+00
-1.185893581654781759e+00,2.612579558219148890e+00,-5.291531269832929318e+00
1.813370565457162797e+00,1.443627207063696849e+00,-5.562942645818082177e+00
1.550735752524694977e+00,4.330629525495313104e+00,-4.440469619777821286e+00
-5.824532755950677654e+00,-2.744483863355488662e+00,2.588791803178614459e-01
1.396746455022579436e-01,3.864226712311412459e+00,5.136650462858437294e+00
-5.497435595693155541e+00,-2.679786814234280445e+00,1.765680481095487142e+00
-3.269678621860566459e+00,-4.271704948372766708e+00,-3.458905675645995714e+00
-8.895432479892877164e-02,-2.064502243064445797e-01,6.423945024534419623e+00
-1.471485477592171520e+00,-4.100597136831607870e+00,-4.562521365872104440e+00
-2.496327112305354756e+00,-1.583897138423514095e+00,5.760656520321606244e+00
-4.056981592782388901e+00,2.032671131926857111e+00,-4.465043316079647440e+00
8.989600275763297565e-01,6.080366148632192491e+00,1.919127595854460910e+00
-4.362267964855905511e+00,1.300008345614314553e+00,3.927023769186234858e+00
-5.743722795716106333e+00,-1.811734615922305114e+00,1.215701958984431785e+00
4.648001769739646072e+00,1.116643523879623068e+00,-4.315235001597483411e+00
-1.032391706220905148e+00,-4.858652954254528034e+00,4.098266347018749478e+00
-3.974848997878397849e+00,-4.109318734548875973e+00,-1.950081341062999130e+00
-3.135324926185611982e+00,5.159495594213369785e+00,1.333418453186495434e+00
-3.760773142096191513e-01,3.813506121267626336e-01,-6.144824826410439478e+00
4.739899809517112317e+00,2.217866355235581732e+00,-3.300376454605471910e+00
3.952699133884307159e+00,-9.003460391877697588e-02,4.998932177178811109e+00
3.486355175681558727e+00,-4.719879246927452421e+00,1.680161075392689884e+00
3.213858053738173126e+00,-3.777751108625511556e+00,3.650800593935394911e+00
1.913820000946110378e-01,-2.449940801624147291e+00,-5.669972509123119231e+00
-1.871322307859762724e+00,5.253541768842239001e+00,-2.575414765705402065e+00
-2.590209213462832061e+00,1.104295667707230477e-01,5.519929391285686826e+00
9.089466700341648497e-01,-5.189948140096952045e+00,-3.012071149469562226e+00
-5.221893264787656364e+00,-1.849239913073753572e+00,2.521714405864154518e+00
-1.193337110032746534e-01,-3.501953873769899861e+00,-5.377376655689673157e+00
5.948016512702761993e+00,-4.716626323986216063e-01,-1.748617189729944510e+00
4.278726421102000188e+00,-5.636827012527351188e-01,4.675099842608458012e+00
1.068615289313000094e+00,1.542839983032463946e+00,6.003386200640358439e+00
-1.911890849179339158e+00,2.032189307288094771e+00,5.615524577975517850e+00
9.226351763335240985e-01,8.176201345603263393e-01,-6.195145758438752814e+00
-6.008800606575151804e+00,1.465636212197163779e+00,1.204948738771897787e+00
-5.111106880500446703e-01,-6.173677516934223952e+00,-1.377242621962584401e+00
5.303466719284459785e+00,3.529577233441774542e+00,-1.037243879886357911e+00
1.878655693278499017e+00,3.394602726250954272e-01,6.175882119777689638e+00
4.185873277915295176e+00,-4.389135629808204264e+00,-5.223531370718141886e-01
-4.017496072685475261e-01,-4.441409677354058588e-02,-6.378135417117206885e+00
-5.643538219637634690e+00,-6.498871398237989760e-01,-2.640671562033025221e+00
-4.278787804932955297e+00,4.204377311972670839e+00,-8.231646369743785829e-01
-7.706112248716875390e-01,-3.365162252141069121e+00,5.179767092868984513e+00
2.950072444257125781e+00,-4.469464903746439788e+00,-3.401520619774311083e+00
5.534426773654694820e-01,-6.023976068921743199e+00,-7.426150582703169301e-01
4.547464546101359639e-01,2.246917796218798336e-01,5.989702341295521926e+00
-1.040340503938278038e+00,-5.850247432191395092e+00,2.178972204353518016e+00
5.661150364469116347e+00,1.984566182092054820e+00,8.565551982112449281e-01
-2.085068714333290885e+00,5.451323822028967925e+00,-1.993113139705604553e+00
6.078898980826488163e+00,-1.113571324800399776e+00,-7.216860014174109050e-01
2.881581043198656822e+00,5.232271517374988967e+00,-1.732854229932275558e+00
5.506383862141456476e+00,2.526108847212277464e+00,-1.189801797468993394e+00
-5.576701600785847202e-01,-4.123705577891773721e+00,-4.402368394011157982e+00
6.093099572359488292e+00,-1.906541423917618716e-01,1.197546755524814488e+00
-5.504939749769169888e-01,-1.455059589801374065e+00,-6.119909955050472306e+00
1.642824954266287385e+00,5.811912793987269232e+00,-1.794219771511373018e+00
6.278121957684200893e+00,-6.814221059644018919e-01,-7.645915461659992252e-01
-2.643334693885242892e+00,6.290447583679322774e-01,5.727924862425635588e+00
1.376886290914414834e+00,3.083551761952687098e+00,5.259281266167977087e+00
1.640693680376742014e+00,-2.634063048630126858e+00,-5.241761762458128970e+00
6.968506846722425374e-01,3.626433425558766466e+00,-4.929155342570780363e+00
2.926749394324030806e+00,3.365323423932124580e+00,4.679007477494408818e+00
-9.222425514154211079e-01,1.407513215165765441e+00,-5.901707187877281768e+00
5.580219401386612432e+00,-3.518826939528725273e-01,2.461716615147969911e+00
-4.115480725549185426e-01,6.103672269511258186e+00,1.065190249766509861e-01
2.713489759252290523e-01,-4.379481396573160490e-01,6.163573490610276373e+00
-9.235924265489275919e-01,-1.607797826841707245e+00,6.001615585144818965e+00
6.139959739499744273e+00,1.345812313564956009e+00,1.536724073054024142e+00
3.597554910319726851e+00,-3.427943628844663859e+00,3.370210482835396704e+00
5.366259763112889658e+00,-3.428466640265537269e+00,3.348199265400056152e-03
3.674395478471085941e+00,7.311538460711174414e-01,4.733886463151651292e+00
5.012273259005880499e-01,-2.130328429065447615e+00,-5.611198492214257705e+00
4.661635558219035858e+00,3.196503682019057546e+00,-3.070247037789937572e+00
5.010438243065118868e+00,-3.303992792362809183e+00,1.720883294824904430e+00
-5.521730673934881040e+00,4.094102887725389883e-01,3.335368683409206003e+00
-5.547851271595305889e+00,-2.701162157690704557e+00,-1.491086218482781944e-01
-4.992485986953635546e+00,1.368053459292334573e+00,-3.428849261363539735e+00
9.200645249339022280e-01,-5.849355555299696974e+00,1.995057217024459373e+00
-5.844191589517810925e+00,-7.912466257262658065e-01,1.189248166728034350e+00
8.306695784010910133e-01,-3.371717730126088330e+00,-4.999955517223835244e+00
-1.959335747576710141e+00,-3.872837959553533382e-01,-5.888549168042906068e+00
1.531434342368840129e+00,1.655037929775964090e+00,5.642362082617914609e+00
4.182868212433777377e-01,3.192746112677261827e+00,-5.407897659039938354e+00
-1.420752890346400177e+00,5.240758417340857456e+00,2.975704228708643484e+00
2.904090464273071603e+00,4.797725313761171395e-01,-5.303001922146569846e+00
-2.172026926484547094e+00,-1.817738925025289998e+00,5.485321298488937458e+00
4.224101468785420588e-01,-4.946665370345971091e+00,3.812560368580488301e+00
-1.539363190732407682e+00,-6.010718546081065747e-03,-6.166144502280074491e+00
-5.300740232368947424e+00,-9.245844292807100517e-01,-3.315317129627196824e+00
-4.830138703034652536e+00,2.486504026512995402e+00,-2.825394970057985233e+00
4.837907300643817798e+00,2.008458711424985665e+00,3.770951470517609927e+00
7.645608098146835507e-01,1.917604954821529706e+00,6.099800149557840001e+00
2.949408585052752940e-01,6.199483582787242320e+00,8.143078953035315370e-01
9.782032443116110976e-01,3.530809238793768845e+00,5.001744248365017853e+00
4.512549196954272368e+00,2.307375450027879360e+00,-3.804267439840447906e+00
1.223059889364078945e+00,6.089119270054466959e+00,-1.502279726105790081e+00
3.210038603841490978e+00,2.507061943903264645e+00,-4.549344030506564884e+00
-4.672128091684384366e-01,4.600287210388183112e-01,-6.341742518833943798e+00
-4.037359746106489844e+00,4.379381375992113412e+00,-1.726904533491422811e+00
-2.884386323990026035e+00,1.528820698032796965e+00,-5.309490700896336790e+00
5.336787542856890276e+00,-2.074202551155979179e+00,2.968590337628172371e+00
2.076943189971126813e+00,-1.184582454238904958e+00,5.693991249557594614e+00
-1.092730590248435635e-01,-2.284520127417574153e-01,-6.033791641013469764e+00
-1.687382344616915886e-01,-2.979126449189799075e+00,-5.474336326933583408e+00
-9.113787189288357071e-01,1.476324896831830991e+00,-5.865376779240124350e+00
5.787298825998095531e+00,2.692152151795696113e+00,-9.817555844705129209e-01
-3.912480013833616876e-01,4.071729574756186132e+00,-4.460703449250016384e+00
4.638621266616339001e-01,-5.228720481454995017e+00,3.007417096237404497e+00
2.869199047444699779e+00,5.596520168994737476e-01,-5.307633573553983020e+00
3.343321895321570647e+00,-9.167252700277569444e-01,5.280261343044534428e+00
1.594549733897571153e+00,3.177058394860201584e+00,4.991187739775671872e+00
-5.165532065445900933e+00,2.433596873190648491e-01,-3.657690214528417361e+00
-1.947289826171104243e+00,5.456632034582590940e+00,-2.358750285399005886e+00
-3.744121057919296280e+00,5.364687138154802248e-01,-5.094345895465652418e+00
-5.777890870877691043e+00,8.030387381072349173e-01,2.752519724193663642e+00
3.744213799817626698e-01,-3.003383720353026698e-01,5.993454653414000965e+00
3.352587136698836456e+00,-3.847175603723544501e+00,-3.330103798387139769e+00
7.998122679928968415e-01,-8.289535179834868206e-01,6.255247895013646975e+00
5.786197716094982901e-01,-1.909259369723601329e+00,-6.166505093290217232e+00
5.609918571024658185e+00,2.200618978929139047e+00,6.060749233793269290e-03
1.876752211119310454e+00,5.614296008851514586e+00,1.143818464406262558e+00
-3.366343010871909680e+00,-2.516360518274328495e+00,-4.447146047056336648e+00
1.316219097141402949e+00,2.643604873640442499e+00,-5.492578927534778721e+00
3.415474872723410105e+00,-3.479681267828605762e+00,-3.519214785977288429e+00
-2.804144292177591424e+00,-1.978702670585279932e+00,-5.348896225944917759e+00
-2.555184488243159802e+00,5.115779419255358285e+00,2.136164574447152908e+00
-2.832319019198989540e+00,8.065774028292641562e-01,5.705299276821706123e+00
-1.792170709909214121e+00,4.126089068104031199e+00,-4.506201348019001074e+00
-1.608084777028195411e+00,4.286580360430094494e+00,4.354012171398636610e+00
-3.812276082996819415e-01,-3.063805409682517134e+00,-5.679299701753104834e+00
-2.856130569966455202e-01,-7.552788238255658815e-01,-6.282122512760127009e+00
6.209035323145321250e+00,-2.468925027327558697e-01,-1.105968345831417121e+00
1.920829299210175423e+00,-1.550471025414019044e+00,-5.754461117072008136e+00
4.881599999132133050e+00,-2.816431388896311283e+00,2.328491688025396744e+00
-9.588654443042168851e-02,9.290602782810077898e-01,-5.945606248735891164e+00
-4.866460984437735782e+00,3.097598224253762300e+00,-2.562631764769303544e+00
-1.826453436816664722e+00,-1.197169407563042631e-01,5.826223322965188522e+00
4.133305516379956579e+00,-4.188738475494288238e+00,-2.694842992860866815e+00
-1.397953465667845230e-01,8.997214191529741278e-02,-6.361446607906672490e+00
-4.818480617100884267e+00,4.643013498201612466e-01,4.308177437058725801e+00
1.768752610917309065e-01,-2.389843032809130241e-01,-6.043243524102407171e+00
-1.161706664188401072e-01,-9.496020144780281669e-01,-6.025163351056653127e+00
-9.904485406017655702e-01,5.224942707930829711e-01,-6.029020902435378026e+00
-8.146288249955800920e-01,-6.195405336611935709e+00,1.039867753440388842e+00
-2.020818539046249640e+00,-3.425749746258335282e+00,4.971699562727778243e+00
4.819056726781012934e+00,3.748452593561709900e+00,1.667768806632577760e+00
4.122504971388544881e+00,4.467358058543851485e+00,-1.587704617984666999e+00
6.338518589781189094e-02,1.339838306556984993e+00,6.216145709710487743e+00
3.925938536518178701e+00,-2.459465143309551127e+00,-3.929392958345305775e+00
-4.089359064036418800e+00,-4.325216645646541735e+00,-2.105185114836003013e+00
1.294741815008435326e+00,4.563772335818289783e+00,3.767261333118628652e+00
5.602755460235020468e-01,1.422859660431076367e+00,-6.090378645579141548e+00
2.047571215311012605e+00,-1.445988782728511390e+00,5.485585451383786726e+00
5.215137533964128380e+00,2.334382759329717949e+00,2.996561090707121178e+00
7.758456288456757610e-01,5.998248376392081305e+00,1.706985061714286545e+00
5.850512589184699408e+00,-1.878030736718249230e-02,2.791598210394844681e+00
-9.982520785335726732e-01,-4.637678288743011912e+00,3.981993100971419342e+00
-6.057773384728059041e-01,-8.531223220674094554e-01,-6.150636749256593205e+00
-4.470121063408390327e+00,-1.592098332036086195e+00,-4.022412728787900349e+00
-6.339111418533110998e-01,1.753128386037841935e+00,-6.132561341284255896e+00
-6.092863836744673911e+00,4.389318515120599895e-01,-1.261009041376743411e+00
-4.033694303202256526e-02,-8.892648855848137579e-01,6.405348668552605318e+00
4.782660914443964906e+00,-4.371084070370189423e+00,2.798392433010759017e-01
5.128197143721639151e+00,1.674166851808762679e-01,-3.496533911140506490e+00
-3.022942423123721856e+00,-3.386236311552460521e+00,4.301858114855910742e+00
-2.252541816801250540e+00,-7.905414316413084119e-01,6.009022346276450044e+00
-4.094103443908660545e+00,4.995022125798754153e+00,-4.497857963564181882e-01
-3.646053038847236749e+00,-2.783644387773780426e+00,-4.254445179415544231e+00
5.231923410592783874e+00,-1.859935326844026404e+00,3.022121844843058014e+00
6.156648091387085131e+00,-9.266492933257576281e-01,-1.320350794043323672e+00
5.666375398482377257e+00,-7.744024769558746080e-01,-2.539417698167395709e+00
-3.177767417110238579e+00,-1.567112964249838258e+00,5.049976003940021663e+00
3.806136795453968436e+00,5.072149781649027744e+00,-4.062028394044954749e-01
-2.293479111243166724e+00,6.001112651573707879e-01,-5.925973303485276844e+00
1.251732558631976744e+00,-1.627396155430139435e-01,5.942832436076534997e+00
2.184829246312010309e-01,4.646825715923540989e-01,6.243665153590019834e+00
-6.292023622144573558e-01,-7.057064988454254673e-01,6.210427248598471728e+00
6.210730439028543159e+00,-6.971374965103560584e-01,-6.049420279028044911e-01
-2.932201243409795044e+00,4.277101240093515777e+00,3.525738942365690853e+00
-1.224700467166916634e-01,-1.495300754557645773e-01,6.433925183314532781e+00
-3.759206686168985012e+00,2.432829145344726385e+00,4.582444218832655736e+00
-3.434575982973487318e-01,2.204394910509566152e+00,5.694505926233702553e+00
2.508325210335207167e+00,-2.906932086765122936e+00,4.836783960622891065e+00
2.533176602314115122e+00,-5.713102740831769388e+00,-5.420765853514841748e-01
-9.904344297575348177e-01,-3.292952518355510172e+00,-5.342001035223279182e+00
-1.851925462999759334e-03,1.438872293455814300e-01,-6.077322385277862615e+00
-3.820367038629224332e+00,3.620976582994691384e+00,2.982451203542201501e+00
5.190399411538033192e+00,-5.694645284328671286e-02,3.669451298752118173e+00
-6.605168033966378749e-01,6.098980981523660638e+00,-8.796496940634803696e-01
-1.002163474897346918e+00,-6.009553541100609131e+00,-1.495459005988673207e+00
-6.109547406057792562e-01,-1.134578376310064751e+00,5.973174328175082870e+00
-1.741949553718699750e+00,2.686707502986633855e+00,-5.182291740495711174e+00
1.564790494095351647e+00,-2.729791609351220227e+00,-5.122724110170965517e+00
6.516792743832121593e-01,8.766235327712027514e-01,-6.172709452409853803e+00
3.078125508122506293e+00,3.300420094615978073e+00,-4.144772562691233730e+00
-5.630842489030658093e+00,-1.225938700857376107e+00,1.973624578869002333e+00
4.476365003706566981e+00,-4.141841942160565004e+00,1.081975245609402503e+00
4.358584457450469074e+00,-4.240433588035049439e+00,1.574954516385049352e+00
2.866384554249285177e+00,-1.201831038235594118e+00,5.573083491675839163e+00
3.958561543360405555e+00,-4.479320967823473332e+00,2.173705847472599650e+00
-4.110092626866022059e+00,-4.660101690635126026e+00,1.869384556468000502e+00
4.698529217660573742e+00,-2.621716410829944000e+00,-3.267940463299502163e+00
3.128642774791065562e-01,8.256358343394222254e-01,6.029484321710122607e+00
-3.743781485399527931e+00,1.976778401694829768e+00,-4.330064393803935374e+00
3.038747013917197926e+00,-8.301093496555168594e-01,-5.333342085731574755e+00
-4.364394255205756856e+00,-1.063157367604232517e+00,-4.061419146511980216e+00
-6.879010684216082527e-01,3.431536738425141064e-01,6.209007962241831713e+00
4.270949362519256831e-01,-5.803911753477993152e+00,-1.844219683200744919e+00
-6.126769962737236286e-01,-1.211369333852219343e+00,6.202085977393853256e+00
-2.303237975026043660e+00,1.388190598937313780e+00,-5.412128875696115671e+00
-7.503405346510010343e-01,3.069395496443863891e+00,-5.670959612420585216e+00
2.691056752713935296e+00,3.705994865878381006e+00,-4.129301943856287238e+00
3.353753408306292094e+00,6.400578444806602763e-01,5.085798477350754965e+00
-2.135917218250879213e+00,-5.596143694044966033e+00,2.303494423529896196e+00
-3.656975110165574389e-02,1.635214903628247340e-01,6.165662840396326061e+00
1.916724866458097587e+00,-5.609295774894522246e+00,-1.758659764229515421e+00
3.774309799485481509e+00,-1.512186066815766949e+00,4.560331517102517829e+00
-6.145024119084794734e+00,2.688221145269177881e-01,1.492238516671143156e+00
-3.518356616722468910e+00,2.526254057414464071e+00,4.678569631011147756e+00
-3.742618235914618036e-02,4.843185767370922434e+00,4.063130163936389039e+00
5.537444508692571432e+00,-7.152751225838200888e-01,-3.254663514859418960e+00
-2.657053446202255920e+00,-5.438483491333424347e+00,-1.688118424349636992e+00
-1.313440206771726848e-01,-3.161288228128772637e+00,5.617666002690749671e+00
-1.746568369472054627e+00,-3.291038566835676193e-01,5.762804329301553175e+00
-2.628170035632199308e+00,-1.654593411396343638e+00,5.545696062459204434e+00
-2.589631011806766914e+00,1.096451752915878153e+00,5.785697643779057486e+00
1.253162450297055086e-01,3.483103710206909120e+00,-4.947006143612954432e+00
-2.227659121530161518e-02,3.767166338066892939e-01,-6.160801353842810357e+00
2.629962623004256983e+00,3.049780596214278550e+00,4.528374085824625972e+00
3.501837126400289879e+00,-2.942371777206963301e+00,-4.052163627225595199e+00
-1.576953584729811286e+00,3.570973312754543993e+00,4.991493271092116046e+00
3.245736771757586903e-01,8.810621350881391312e-01,6.055447906168023309e+00
-2.623864335475932785e-01,3.350570972839684858e-01,6.271665612214790464e+00
1.212103921362095660e+00,6.325856092118723240e+00,5.924131569806931896e-01
2.539300299203521225e-02,-2.487197703464971710e+00,-5.603878919014554150e+00
-5.911248130382719346e+00,7.394607188312229962e-01,-1.721404451205212016e+00
2.536289489147400822e+00,-1.223519133684145554e+00,-5.401442025587317453e+00
1.443256985158908767e+00,-5.820958020055359228e+00,2.953512181947884896e-01
5.855340347109868615e-01,9.460698359543013858e-01,6.289382888076048062e+00
2.709178447520484423e-01,-1.662998256628623217e+00,6.174390503824806586e+00
7.528584496270223081e-01,-1.329605757767479690e-01,-6.251626969897512431e+00
-5.499153542958751473e+00,-1.486321598064034022e-01,2.517519627342565069e+00
1.171956507582765594e+00,-4.411592730525173423e+00,4.308032300240784984e+00
5.046715586966717737e+00,-2.749520099762641223e+00,2.314591561798169383e+00
2.735436430875085034e-01,3.293198142827971964e+00,-5.525095327284772040e+00
3.726274768278422744e+00,-1.572101780361017109e+00,-5.043670329086535453e+00
-2.250123459002434156e+00,1.270354817245333168e+00,5.916906299712497486e+00
-5.043512922250440456e-01,-5.803187617300287204e-01,6.319287313156531916e+00
-1.560547686599249584e+00,6.093462503361345206e+00,-1.161168743994306141e+00
1.736404849409370454e+00,3.347142140563720947e+00,-4.690986975051420593e+00
-2.801374486575617162e+00,-4.725621503185391425e+00,-2.710973249025689036e+00
4.518745730967554053e+00,4.548619162098467505e+00,-8.924690964936198290e-01
9.446917843064481235e-02,7.023024429157250781e-01,5.976493922605791376e+00
-2.705261948437100994e+00,4.794510206641797723e+00,-3.077508516283311568e+00
-2.366477462958219480e+00,-2.763465928405093752e+00,4.801195109341180434e+00
2.297283917927518626e+00,-5.771336087180814367e+00,1.799030677219408902e+00
4.855113081479251136e+00,-2.577897355147135361e+00,-2.892111228182797422e+00
-2.854101433752842087e+00,-5.737929602847588129e+00,1.009577875046608675e+00
9.167431182061340778e-01,-4.939793655302930908e+00,3.983135810472929528e+00
1.213426342497604171e+00,5.957027891895049221e-01,-6.200832921914501306e+00
7.264460482715708878e-01,1.744714248506212595e+00,-5.710415999069944348e+00
-4.054355375018315222e+00,-4.743108286734865509e+00,1.599151752296118500e+00
-1.973131494768152638e+00,4.766801689439872369e+00,3.325624639975678587e+00
-4.200829886496717722e-03,-2.802139033387859302e-01,6.130335570110922561e+00
2.140217541624966913e+00,-1.213953563160911298e+00,-5.787565352025054288e+00
-1.438174275240056810e+00,3.596939733041095710e-01,5.860710687995746682e+00
-1.106637908384845881e+00,-2.897368159620967276e+00,5.315185356207800638e+00
6.145226273454362786e-01,-5.791524460923124451e+00,-2.038194448142168991e+00
-1.887629655928413808e+00,-8.136213679600230453e-01,-6.064271481785832307e+00
3.508553459721500456e+00,-4.900369571201792507e-01,5.031087199819674005e+00
1.021736002785799569e+00,-5.926376794714724561e+00,1.919877287353498385e+00
-4.465795602881116544e+00,2.751572520534168120e+00,3.629882602396619529e+00
-5.551741737056917536e+00,-2.917029730445949820e+00,-1.622309185760173245e+00
